100
31505	20980	57169	12380	7673	12992	54857	58672	46270	23240	15157	23027	49218	810	57399	30013	57839	96030	60827	73786	87068	37790	71019	53718	81148	28833	45618	81361	52611	2127	26283	62634	28175	67037	86856	47849	96988	52121	39940	41882	69751	47506	5413	11759	77206	1593	45308	124	58230	9376	15789	29282	41801	84791	61186	11962	37498	90219	54132	12293	58838	37970	62743	12120	5938	105	83089	95765	17549	60749	57860	22653	66308	42900	38154	29493	17821	78732	46999	16674	70956	84249	41032	97011	48285	94871	52873	89939	84783	3634	32851	75401	43425	31503	50755	38547	41874	4829	79778	16550
97482	64280	46925	95337	37364	60747	3163	15797	79533	34193	76017	94365	47345	55136	68807	27505	1927	23296	79555	30786	37394	30431	12110	64073	28024	43240	43514	56956	74484	38987	65399	68301	11236	71518	76619	96643	10455	77299	54788	13414	14887	4448	66464	91110	70177	43135	32364	45025	29564	10045	39123	14487	29329	56281	93537	60248	98668	36882	6810	96431	17206	55654	28694	58254	97637	10105	8034	10743	50618	5534	92130	59945	34003	85346	97254	32848	42424	65289	75256	18029	45787	27551	602	31889	3951	47757	92877	20857	77041	39828	7824	50494	39930	62051	46109	45926	64823	46732	29396	21545
91354	79206	79415	79057	92878	3632	5831	65766	94257	43208	36041	99374	16515	35027	39237	50235	42778	17951	32851	15225	64870	87000	39287	58738	12497	26222	62824	37437	90649	4016	55974	71970	69543	99312	4783	18711	66849	36573	38451	77927	24076	52516	78562	5175	19328	54710	45550	44608	7466	67314	50745	80120	20769	66821	78405	71434	64243	10042	92659	14696	23626	97676	1921	63181	30428	71895	41714	22612	67028	92185	39183	10404	29578	34152	59198	95711	9044	72631	33289	34595	41783	36448	74164	64847	83887	21067	88556	46326	75012	66936	56698	23984	50136	48673	68537	79090	3091	9754	61683	83817
25723	75223	97247	44880	4598	46584	1802	51326	47065	22875	8077	51472	47276	23927	87042	28745	56841	7945	41662	5784	85475	22343	98191	64863	5477	69708	71529	96730	61829	52477	81010	186	21223	26101	50705	80643	91364	69179	43935	11889	86759	89077	17082	23464	70436	19844	55513	54055	71935	12294	18752	5920	40257	5490	32623	61502	41071	5543	30325	41	21041	25814	86169	83297	26500	4823	56268	56666	82918	35419	45599	35664	88731	57904	12490	55601	27277	30224	36068	94662	25689	54464	37909	56168	10193	70955	96637	54533	80259	21492	96120	57852	3553	5042	22086	53283	96796	49700	88103	60338
39979	79641	65638	47122	7533	50638	34217	5024	77994	55636	71839	40552	83537	98943	18156	58524	31817	59907	44941	26320	42103	1809	60045	32265	67481	27485	9572	8869	22467	67907	19044	15478	84659	40168	80134	83456	85369	36705	57462	33037	57954	27680	72607	34965	9416	57835	29022	63113	73794	55382	60652	51827	53749	40539	96234	1427	26090	94210	69293	14018	53451	52334	76219	16418	918	66129	6929	55824	48290	19756	98573	31887	53742	31374	85380	53777	52868	1058	13683	40021	88327	68117	22939	11174	82724	81362	26775	8907	21317	16491	686	72003	13502	30896	42003	78286	66341	9743	56934	6772
68913	93131	49814	1887	37456	29649	27352	1344	79615	32653	56583	53243	31286	50840	25431	47700	84392	70915	30779	44100	89756	61491	55882	85167	2888	94503	2257	80451	32056	97847	8258	93961	88018	73363	43463	33728	36108	61508	78351	76084	5377	7186	23561	15885	74458	47089	9493	45412	2780	10279	32552	80551	37596	34530	2806	18598	35755	34452	56113	88894	39277	5859	31335	70870	53592	55570	47872	70003	36080	47002	18377	52418	73969	39759	2924	20858	58740	44891	28866	91370	76451	55892	78462	88597	95638	18809	34373	35316	89153	70756	21365	91953	1852	44571	45712	16141	58585	97014	21374	38504
43588	49368	7920	1428	22807	15124	81129	13308	65194	33880	47063	91391	65465	42938	31576	78703	91480	56520	81349	19809	4294	10285	47982	2257	20793	99384	78498	14993	66322	77194	88664	3010	32557	65936	87141	91595	43110	5497	33799	36899	98413	91367	21189	78728	95441	71268	63598	27706	18409	52914	72575	50348	22384	45926	71923	68985	45641	12721	27774	87123	25885	31793	11981	91444	32532	65257	19067	85541	41872	69405	85543	28839	36457	39614	40386	40912	78270	18637	55234	4943	17674	92672	34032	32301	88820	38865	77865	91157	53277	69649	15751	31456	23581	9750	30890	13778	40015	72610	23502	4507
8828	78731	59493	93676	5111	16519	2655	2	33351	94632	93762	78078	12532	71968	11268	78833	73486	17084	446	91844	22887	13381	81642	84900	95767	65849	49301	1792	22442	44377	74287	19355	38612	37237	54688	18672	51345	576	15437	11764	36560	19202	22337	79416	24846	55163	28761	1130	46885	57623	95038	78699	92777	69151	39559	99174	52959	70669	31576	80398	6417	25276	70628	88093	64145	66542	23855	21900	47810	6259	43927	28632	33348	53764	23244	13134	52726	10606	85315	60165	95604	13633	72919	55086	16229	32951	97271	60174	55894	64312	86501	51293	18507	37528	78816	87892	38064	82754	77806	63053
610	26180	72681	25991	23967	97475	16386	47393	52504	99745	63528	52464	69459	51986	66514	51936	29763	43431	70274	9632	38714	98026	29645	28437	20734	97350	83179	34289	10209	98598	29404	19457	49998	59036	35960	44020	88192	47541	44973	43115	92392	69394	18225	71147	61826	13022	84425	53254	87663	606	67006	90559	8256	41509	87479	66499	69434	9888	12320	17037	84948	32853	50476	18339	16882	28904	7641	39335	98978	79208	78759	1944	44707	80344	31937	32018	11573	50521	91215	47471	42023	58220	38027	50333	41286	45305	18931	53939	89287	86732	26051	95941	11559	33307	70468	83679	35073	16223	43316	52081
79296	41183	12107	32192	12093	82277	33031	79958	11258	32078	66756	42349	55405	8563	23670	44871	84344	48717	6514	69280	73751	67223	55432	75050	16373	76208	87309	59151	95451	20602	81631	30610	54476	89399	55631	51715	76535	21963	61260	67476	74516	66820	27247	77175	33735	45632	5421	96228	35504	52751	90318	40206	7137	30906	25294	57647	88407	76921	29518	17197	26999	3408	58227	32951	93266	38998	12997	87909	81049	10611	36947	75215	20811	60829	84562	18458	34989	76469	40655	62014	15664	57437	69932	67108	37027	32577	18842	8165	27372	23103	74837	29484	40591	87080	5016	12298	5308	43771	8701	87619
57983	99310	20720	25214	83654	80972	34639	39356	46322	58751	67533	14178	16620	56036	75647	99542	92900	86224	72957	85944	18287	97290	95471	3883	43779	88869	62820	35354	65989	41184	78356	94256	82968	84130	93595	54224	72376	99240	99011	69896	34999	39889	8239	44628	14909	79399	58083	74323	95350	3211	39766	79644	20354	53836	74222	29942	24601	1468	75518	38189	15693	4694	78689	81195	83319	42836	44604	71896	22447	68161	63649	30822	92887	55319	7102	85314	6800	92334	22768	90547	48917	74824	82906	27728	12655	36590	68643	56517	61832	26148	77741	44999	76792	42581	88467	4060	24426	33491	24208	29476
26751	94831	93816	43339	80378	56860	29487	6411	58425	5855	68147	32022	10287	20369	7215	94589	423	84826	5108	3957	51567	64921	11718	41349	92667	1384	1537	44600	65324	57937	40931	35041	46189	76288	81042	71668	99636	43012	27962	33927	8649	92294	59821	49581	97397	61585	36445	47109	58074	10082	32129	47556	92950	15830	922	62814	87025	75144	38249	25071	24217	25342	3597	43660	56624	87318	30769	26883	80229	82830	81340	17325	2482	4041	60123	18409	86239	39227	92297	14838	59787	77397	9135	9801	17337	25437	64003	79658	3887	53650	60581	79497	76237	36093	48949	81960	40108	5213	12540	66044
14733	53059	16746	27748	20554	85995	30316	8005	35850	3460	10983	93529	41888	35232	29219	283	93423	43476	76133	75957	51995	58161	14760	30972	51908	27360	21891	99211	67543	47863	73342	62113	32843	36376	97274	82132	69649	79093	4038	40955	98196	76045	9818	91579	3637	40884	93109	29704	68733	72232	33356	58525	26931	43717	66709	50	71442	46107	82925	28577	58764	4532	91406	55991	81411	24452	13382	4858	94011	863	54228	69738	46762	38184	28907	80082	67778	84979	34765	2289	23544	41828	73675	61084	98655	1553	97926	77760	4624	97866	77752	48729	98104	88050	9908	25397	99689	89655	27066	57711
49096	90165	20266	22175	59766	16490	18499	19406	59396	10428	66755	96868	41506	86060	55109	4432	89118	13320	22765	61328	732	41621	13200	99862	77845	60692	61284	72360	69648	42152	96943	94394	82062	84581	10969	66538	81532	43682	42774	33335	61798	1117	86437	88505	31101	53768	28834	55500	52246	96616	89904	30154	25325	41794	54542	70999	1456	10446	93253	68055	63732	9481	37530	75171	89899	34030	20026	43045	28935	25201	66609	48053	60147	45134	95828	83379	40601	25556	33678	84017	3372	34375	38495	78377	4223	42970	25284	78388	60747	24340	18384	53661	80836	82291	14636	34759	31466	90080	85939	13493
76840	77947	21822	16572	30948	90159	41641	16375	65635	13436	15607	55403	14860	7436	70361	77527	9969	11883	64350	47023	10487	67025	26123	91351	5951	34988	85154	17045	46179	12118	96699	168	46381	45905	82536	72722	40211	50503	74405	27800	28370	61619	47890	9969	63020	64592	96364	67092	79551	52423	42617	87498	90418	78587	9856	3296	69872	4338	39097	81427	45109	65382	51862	97068	64584	54379	26268	49902	73112	70488	98482	4262	28726	44022	90921	31645	29034	36125	74418	30992	26963	16644	45473	29646	13363	73184	14821	66017	89379	49123	26525	97858	79313	75588	23240	92871	26468	4428	3676	24763
48251	44610	81748	46569	62358	96752	19356	354	70500	71048	14238	34212	35429	6791	99928	22519	44007	20915	34229	22566	50916	84918	97041	62613	7736	51175	74039	48296	81935	89523	62056	25911	25096	78628	6153	17427	47922	64039	73413	5339	12531	92664	84069	1	69266	74481	75468	44082	42853	33051	79897	47737	44260	53451	90845	25289	1980	75312	85886	67126	54262	20797	39151	831	58829	51370	2893	80941	40770	27511	39711	95598	28481	41414	23282	54783	93902	41448	30197	58935	50776	7325	16736	99764	10202	10372	85442	53267	17392	72787	14342	41001	10695	63468	9436	66967	44488	41324	48227	18197
74845	68814	54966	35329	12838	5488	32413	61133	72836	49462	64792	10611	20641	18458	20746	30785	24484	55687	1430	1253	62974	39507	53712	83433	18823	39413	36264	65356	32985	2309	6153	14675	56794	906	50575	41560	9282	79330	47633	303	38085	65813	36989	25373	21173	20744	90807	11715	12004	3768	44329	92319	15745	49426	33794	8625	84507	90159	1793	4878	95826	93429	48765	91755	3302	42065	25346	97217	20612	21823	22890	17625	37528	21372	54539	13721	73463	18194	72635	17964	92078	67988	78820	61578	8734	36218	24584	81078	17487	33464	62365	55724	69234	77305	2520	75700	91559	88589	27347	2030
39787	97506	4770	57156	50455	46349	23817	50352	21859	77512	61703	29889	23028	50419	15526	81660	43110	5247	34906	61559	59720	98830	48289	6868	94150	31819	23547	32204	9423	39608	85334	35184	87520	99634	95784	1322	85625	1872	40645	71159	41696	13128	91489	3183	73783	73467	55922	65421	98999	76340	85193	41900	95371	70196	794	79598	63629	32634	43696	92695	26220	66962	36572	38933	38925	64688	81265	70015	1383	38075	45429	74657	51020	46376	89146	88897	66505	7161	61406	80791	45289	35275	82647	53114	12399	33574	17513	57095	52122	15832	76305	74289	39770	75363	51226	44478	18375	11535	26447	76780
96661	52322	54156	8264	35519	73365	56551	24395	13034	75683	75837	10582	73238	37991	7793	97621	85261	61650	54772	98877	71809	91942	6767	68378	81812	84805	79849	76638	22389	73320	64459	97252	71695	84356	92884	13513	21471	78889	40906	515	74521	69443	29096	21320	21517	37781	75539	61454	38564	95411	88838	14946	17071	58991	62780	26836	13752	45913	73965	17413	41542	49438	92054	98053	5167	25932	65167	69527	62033	90054	86734	72120	82319	26976	25778	36954	35244	76211	25609	25859	80345	60822	92666	65993	14885	97556	37595	25230	93082	83773	64782	66359	45259	38263	79597	70637	1795	62784	38731	60055
36073	29945	76608	75392	64463	47963	72340	81211	74541	65377	86197	29775	57333	3461	23435	68382	39603	18150	68502	29414	76485	25080	70604	99410	90179	39461	58248	51400	28810	42918	76759	77479	16766	7029	98892	69782	71972	65507	85046	95616	25341	37541	94962	74839	80222	68870	25343	48700	27460	52398	33909	46001	5846	74840	87866	60263	77505	20148	5801	39380	77052	37217	98062	88976	46937	52987	63357	69544	54241	98560	33973	42742	68532	11570	23250	22731	49038	78984	86581	55011	94145	53258	56495	617	82616	62642	8437	6534	10432	63822	14773	84613	70488	39455	87184	74682	81403	68165	57910	15860
72310	72380	73071	57629	5337	85426	62485	67085	38865	65109	61463	83280	38064	1188	46062	91373	3106	60287	37014	73209	25533	748	35915	84148	17525	73559	12102	98935	95691	98968	14813	64877	8063	54380	32155	88900	83722	23351	89390	66525	82625	98091	27536	96045	7465	1241	12519	59211	27570	30637	53710	75893	94876	25961	38925	97653	92827	10060	46607	70371	93273	25593	87727	94079	33946	76797	89474	81197	85973	51812	68741	30524	44720	23656	49825	40720	94046	83102	55166	55508	8085	31224	48318	21299	4035	11832	91237	90947	55101	5187	2170	18224	98138	17576	48791	48968	33409	92545	63069	2041
40925	60977	80324	87651	19066	65476	80111	99283	78179	67396	395	57221	43749	87920	50755	68393	40908	16482	88846	42225	14701	28091	72106	27360	30388	3348	59	88888	4572	16481	84429	13035	41805	59517	26475	67601	51744	34228	2206	78705	36486	45243	68574	67558	84803	44299	15472	20189	93571	24232	447	28951	37118	18802	69498	70303	34413	45306	48472	5429	44099	38580	39426	88719	54781	93568	52923	81053	1097	31814	55987	53715	93379	80193	80630	58886	79939	71227	50793	45393	31774	26027	95788	62214	22125	50179	86920	89133	82696	61326	5049	55338	56291	63047	69208	60894	24081	8807	55650	43530
56386	12124	71953	32610	26561	42474	222	54148	85767	72513	1837	24604	98027	98088	42326	95252	65302	94080	43924	94705	88458	53741	79361	71692	25768	89677	72260	57872	14880	64000	32404	19278	96298	71341	88656	96671	35072	76063	7560	57770	89347	9134	53984	24058	97715	96303	8783	31010	28177	44231	80182	7445	63425	53743	86386	61637	75288	38053	11580	69768	61258	87939	19278	20927	66446	91556	61171	49767	63139	89456	28087	49934	86627	93596	51862	55524	75311	60401	82549	26020	53400	69712	25799	36631	61254	37272	48517	13271	76803	18585	30254	94988	96647	33298	60746	32442	34916	83643	85412	82304
1435	66375	39138	44601	5341	22483	31120	72236	54981	37223	52938	66891	46486	84325	68214	33853	89814	92497	27206	95137	10919	59927	97120	87082	86053	32067	34759	5189	59928	99234	21804	17592	678	80013	61150	35527	68931	3298	70456	1854	65370	60721	4970	60454	45100	87468	32265	45992	4292	8456	61855	71380	99929	57167	86172	40007	2122	6520	94630	29782	1084	74320	88719	29334	4706	71687	13074	84136	4742	40091	12838	15232	76564	76690	54480	95707	82530	33875	89676	67851	37969	93551	99031	94465	58520	98517	91605	83327	83467	40346	67512	26576	96404	35856	33160	7852	18785	23477	83287	43626
12649	21057	52814	83792	79056	36671	2992	25560	89805	5457	89809	55082	87955	35073	83103	92099	70596	50953	68396	61936	14687	55851	72970	65873	8484	44799	44842	51248	26394	11915	54364	55425	46006	84555	82563	80167	59427	14222	22394	69535	70334	39573	50098	2499	34550	19337	85666	86786	63014	6717	75339	64514	66132	7576	35357	10325	89161	48883	45550	93576	74388	41444	96525	45234	97403	61964	92183	67601	9886	92427	32143	71762	11042	36052	71551	19495	71544	8669	82233	2398	78771	46532	73564	23411	74505	5958	66946	80074	61374	19280	34648	1276	95869	8468	11033	60980	85705	13147	28024	90032
68176	6905	62938	11007	42032	83782	98360	86312	27412	20874	84600	69923	80288	7179	63506	6732	16464	49091	49716	53368	50544	1073	77668	62986	66765	73929	40732	4723	94968	46160	58366	43518	71680	44084	61838	53857	7542	30635	22665	60944	74817	62762	37110	79193	60195	22292	5136	30437	93279	52699	3138	57503	94609	61447	2477	10182	14051	27047	10745	68958	22608	78609	28862	72537	18258	49491	45366	59993	26924	23751	71663	99443	76551	41777	64351	44582	18517	17414	4960	93980	3524	27021	88538	12173	19250	85470	74078	52305	66855	90294	50631	27758	67355	33340	15292	7770	23237	78632	2262	1240
50733	82474	85319	55936	91198	79640	84537	96544	17194	34224	65140	28552	8192	95153	94294	1499	80269	30948	90207	64954	37777	16569	42170	3309	88231	39424	70072	96835	97714	80541	41817	40167	8353	48715	16595	91626	29722	20213	10366	97852	18373	65992	19690	72023	7856	6561	16097	16058	71576	87103	27835	96978	13507	6560	64287	30916	64794	62294	33092	41557	88397	29034	33920	56805	52007	7941	80351	60071	71479	23897	33425	93531	91481	20523	47128	64200	2048	69000	31578	35679	35349	53883	43438	84895	39676	69114	35148	5454	94554	54427	75950	54946	12625	16362	22033	10847	92439	71715	76276	79112
49942	45258	13137	15871	81790	63975	73179	58829	12730	44370	86597	41399	31195	61636	70173	78811	63409	87049	17268	87892	82583	34127	74097	2558	56764	17699	96405	62796	25337	5897	87078	30151	9944	22458	29378	53964	97582	43269	89055	43526	68457	72230	54025	18906	29434	37453	67188	64816	92587	57227	95842	14811	67254	49096	95656	38152	2201	34104	72801	45766	40751	57311	67743	48848	26172	14800	31669	56745	88037	13532	54467	77683	29576	84030	91325	39920	83562	63048	18644	74215	31254	26533	12617	3904	81857	44217	62654	57163	27871	45800	10100	93397	89082	3283	92516	78645	64119	58019	43158	4080
66472	52671	54495	28681	27263	59061	65526	51277	62077	13481	49704	3901	33313	16431	81824	84332	25357	46379	70682	69700	29773	40636	8753	75418	53734	48506	85038	19575	78612	20648	75873	63497	95936	39919	31630	72027	17203	26278	51338	29860	11563	72091	48375	35270	71082	2080	111	57239	90326	29800	77166	93437	37014	60182	91025	76917	31857	38172	94626	12453	96115	47287	69044	2100	47138	55138	47950	51167	41701	80477	67325	21740	16871	60336	51505	23248	57810	67961	31658	32176	52102	596	78317	56539	63236	51404	26161	86754	89018	58181	86630	16607	81761	57522	61484	2631	76422	82243	35222	79311
80256	71995	60306	52770	40702	90700	66422	11163	7791	28693	63208	91096	73016	88771	81927	64050	95206	43381	61658	91969	57898	46461	41106	27418	95138	23776	59988	44421	70535	61441	84095	82843	82175	54302	45251	1336	97136	33457	49967	38183	7010	98009	78297	22009	13123	85600	2749	49729	74872	813	69662	76616	10249	75105	32881	55500	82323	28929	80119	56604	90688	4389	46591	54189	4020	32262	40733	65211	84301	42352	96033	59234	75138	2804	71203	73783	2645	99920	8541	83734	82179	76791	25173	24129	81728	13554	32109	7828	56463	30613	11146	85807	16582	16870	98481	7480	90575	63921	94155	65370
39024	30795	95183	19519	31627	44716	92085	75211	73550	90681	96073	22430	25463	45916	4963	21998	26239	45707	37692	77981	41582	76068	59445	83390	10641	73050	38407	37499	73699	56839	3651	85518	20051	10686	50264	40902	50860	72846	94707	19183	23728	64940	39360	2378	11798	22916	52760	64185	70373	94965	30961	48696	84897	90427	58195	60027	45156	26903	80060	80227	93160	34692	15071	95893	98480	68054	43466	49377	47669	74394	79056	35586	17453	16247	95953	52490	43070	2595	4569	55173	26727	5532	34659	63775	71427	80214	55523	67248	51102	7773	51192	82924	10557	32214	88697	69547	38914	72802	51848	67783
88725	88468	50686	45302	85445	6932	31556	98152	77787	1549	79949	20400	18926	35487	33828	48281	21530	56677	63993	38477	46423	66840	43654	64355	78700	99731	57050	25372	23774	14486	79686	19823	19766	50913	55843	40097	51060	2866	77088	25671	80770	6221	26885	78367	80016	83364	44185	4704	17010	74672	61670	79933	43292	77793	92938	41308	29119	49892	68589	29114	98061	80032	7892	84305	21366	30710	68627	14862	25553	9905	26064	70837	54286	93832	20458	51476	45666	24173	62404	86253	23080	98619	46985	86757	63295	34775	88889	70974	7693	81136	33871	12228	57714	48307	85346	56722	64338	68209	73044	62810
2959	41328	28255	10818	42993	38747	87545	38149	66886	19546	23232	18461	13901	23491	49944	33985	35501	11002	79836	59716	79736	68510	85427	31360	7099	38216	6608	99945	96331	43419	9564	79148	22059	29161	73553	9917	13428	39045	98809	76872	20582	33556	86744	45765	86646	59797	22057	71664	73222	52504	73829	17273	49492	62121	2197	24713	46351	27819	89840	68833	27732	47955	67333	11144	36545	89603	30806	96813	59965	52279	19232	32891	45725	37415	51321	88	29187	87493	40261	75274	26214	43301	49601	26552	27248	54867	92806	49544	49222	35463	15427	31733	96095	14335	31192	26654	23870	19260	51886	87922
99077	50293	56581	37992	59162	19118	67228	93024	83931	24325	28652	73248	10083	32977	83403	47891	91417	53146	96687	11696	17979	39792	70503	92409	48166	73777	69117	30643	99545	77482	91900	99789	87123	70672	6220	97646	34837	66953	52921	74890	310	41586	27276	31513	40642	67158	55700	62890	90349	72973	94726	30571	45016	29263	61618	88461	26115	21717	96077	25755	18940	64329	10045	91782	97416	45990	42145	56730	9005	36425	90891	86215	8123	18181	36253	28357	37603	65570	17062	89012	34687	22629	47411	94879	21935	3166	60296	2298	72510	63914	13091	5662	21052	49363	69953	18099	15964	81619	52850	88180
75480	48562	54891	36356	43464	10516	15930	41693	1407	8169	56618	6830	50632	87496	76983	86536	22079	43287	88626	45613	95212	76687	19852	18424	30852	89299	5664	68559	98987	36741	73387	75421	19898	49628	1429	61633	66547	70592	39410	54317	15877	96829	31595	2258	61309	94005	54380	31646	39563	96796	46109	96874	2644	41461	61052	50953	19956	95701	16683	43746	29938	48822	42113	88359	25238	66849	91218	27610	22071	59180	23814	59884	83834	1053	70722	38751	8419	9564	70840	57916	57470	62846	60939	46867	57078	63636	96118	89333	96422	55546	97169	52598	82815	91369	34485	55302	77003	96548	55180	54653
11056	82299	60946	7469	79721	19162	52987	85006	95372	10966	87243	43394	47723	79434	64899	32860	62566	69139	58140	9437	42251	26006	82039	30433	22785	65861	26050	84832	69816	23321	99105	2314	63914	66094	58712	59108	46859	72139	43716	19835	74275	45955	11016	71642	48045	46985	11800	66823	3267	33670	96601	6561	3845	12159	74860	92215	92971	14775	35032	17108	58399	18068	16037	31952	3252	75537	25094	3203	24224	40403	48400	11658	49360	29392	18232	67774	67178	12855	99933	90864	98486	32874	86054	73174	94841	58041	2444	44811	79000	43791	25073	19998	59661	87522	1189	77836	91835	60956	18352	22976
44648	75000	25397	47402	73476	40345	74970	52299	88130	94264	85403	38232	57870	43435	98200	75535	6366	90493	88184	13297	58230	20929	5558	34579	60993	15240	55060	38082	28765	90106	57562	82150	35060	58334	42180	3462	12670	87893	98096	65564	35879	47173	91521	82777	73201	84271	62526	38624	34350	56627	23748	97152	40412	93045	56520	93289	51699	23322	11482	44388	50642	743	97339	6940	65480	55496	15954	30339	1613	93619	31812	90357	80433	77358	20616	25536	49906	461	29781	86569	1568	11864	93023	15006	50126	18250	16926	270	72723	97440	33905	1394	85956	88863	33488	47133	96917	70795	89901	80065
41597	67578	18215	19934	32498	2920	19569	4555	4730	15932	80171	80307	74582	4010	91007	21596	32312	57891	72638	17530	30521	37575	44472	75527	35305	61304	12907	84625	89680	16730	26746	82464	6353	95086	75076	63873	35889	358	40552	59440	82810	57326	77432	84881	70323	24192	79477	96443	86702	82038	48641	6822	28713	78568	32099	99660	48225	60096	57626	39354	8098	20572	19829	73545	38991	16629	3788	81706	5614	18347	78877	46661	53143	40037	44314	78798	49965	32823	69492	24937	28070	11658	71292	25445	1781	57224	15649	80899	76630	72763	83234	92578	18379	55822	35177	49445	94828	12274	97460	87886
86132	99635	15254	96619	30613	36071	29987	57493	71108	77247	85049	71297	95651	53194	92477	43096	86604	84562	27749	90924	924	43780	64952	6350	40912	18456	50092	24280	89218	83311	89832	54420	40579	76797	9507	7520	75183	87839	22002	88417	3341	12415	60987	88380	64077	66856	91802	10327	19580	84987	72312	78872	67184	19475	81683	78999	39891	4974	90908	75637	37517	25204	81298	253	67165	38967	76020	89082	15396	49535	50832	40208	39819	28013	97259	79776	42803	18041	51752	8025	82052	72003	7487	58560	24219	50067	20648	49821	46837	68520	36230	63875	69583	85913	53859	40961	46723	82025	54179	40356
973	96880	18561	37412	53429	51786	22763	23759	56600	56763	60374	82374	8823	7433	1922	61871	79058	4501	94354	39904	62903	1844	21620	87166	21121	60003	57835	30005	71103	72484	4609	46013	11192	78878	40302	10230	91015	73663	34772	11241	62976	72740	1426	89401	94836	38014	46154	58766	86130	91919	84890	72991	52006	85488	76096	71140	78611	81663	84778	52619	2741	3960	98496	46933	32471	62847	29229	98903	54050	62343	54645	57510	21715	69149	39626	97135	2004	67627	14352	25949	38696	76815	83865	4334	84528	33285	19218	56741	60259	44425	50652	28423	14577	27686	55570	93460	56756	20895	43466	43391
384	82721	39278	90885	82771	1136	90980	54907	18607	45449	56983	22038	22945	27298	36444	58150	78834	43007	64135	97140	80666	41023	51644	50567	2959	58539	12827	64794	25832	51560	89079	87068	91928	90021	83775	47395	29419	24715	2182	57320	88034	44910	7955	46029	41604	31283	89228	24018	26149	78201	91269	61044	49228	43481	81813	96113	26364	84730	63756	85441	46233	34912	67451	97560	4071	30583	31759	42175	36076	30981	40159	80420	71501	87628	72749	70326	82125	50886	24493	29073	59523	7571	55116	34218	9086	68701	93015	46682	90830	33070	73660	38949	44259	97573	24301	93696	4728	58630	83247	13967
96370	46654	69635	44381	68362	22462	40135	25972	55266	70975	71599	28604	20480	60210	90321	82600	65378	8511	18652	62402	40378	40196	90728	48770	28000	25839	17540	26000	28551	78039	22059	94571	59396	53055	48378	39909	16075	18288	56429	48936	24257	90737	56999	28590	3686	94609	37461	95412	94337	41589	2051	63189	58283	64975	86616	1780	28322	94423	201	89115	71791	95145	7120	14868	21451	34639	70724	13422	83026	71473	47530	83264	96571	69652	64681	89380	93576	2040	27125	7828	39095	47942	46642	74796	6493	87145	66711	29150	41519	84346	42098	13830	55675	41464	3430	87293	54445	34437	19809	86686
80976	13447	35241	27407	84138	97521	4192	36491	39144	86040	91447	762	58961	70451	7027	75781	88801	22684	59801	24533	42642	13779	56528	17176	89097	78026	4155	89564	43444	47158	40561	28361	55171	28371	38962	18298	49601	50396	92083	59028	3782	42195	38687	41131	26348	53961	88913	33841	19465	30632	91776	2631	18594	19755	52707	80791	25015	4166	87822	20177	89339	42106	72177	26660	15343	98101	16458	63316	36337	60094	13429	49183	72008	18894	51626	33501	48721	31659	78875	25415	13243	52496	8776	40803	15958	36154	10799	285	56599	51205	9181	9249	68399	39577	2577	47121	26506	83084	95321	94573
35575	56780	42023	99940	13584	24907	57805	2340	11996	3832	36039	67104	16941	60943	58427	25780	95140	85633	71949	8290	41302	43357	98214	3899	67898	12366	26981	24245	41051	54231	38506	80925	47108	72795	98879	41653	43001	91115	629	5522	50240	88872	46043	20953	64805	98136	9507	95490	59023	50590	5957	89214	76859	85738	59248	79002	84642	92445	91089	92196	56956	98992	15269	20240	99724	36759	1875	85135	14949	33615	85507	79347	46391	82722	64939	19557	17505	54826	41346	27852	61359	60824	46822	1127	4649	84784	31739	45141	72694	3958	23241	78540	74431	56615	14364	80314	49038	69135	53096	28031
92641	5403	15381	57362	3940	92650	52346	43641	21068	58438	26869	35149	95943	48437	9799	50874	40490	58488	87745	52120	11878	5485	38178	35633	67309	67637	25887	89375	74370	86138	279	94952	85527	29033	68416	44441	59678	34884	50619	40663	21929	95224	76007	92375	95825	3350	35637	81537	35901	65314	72339	64122	92840	59422	33119	97309	7758	5961	80366	37496	56543	50452	80257	1519	37601	27635	57703	35216	58315	30720	1635	10239	64195	81376	52224	81596	62338	94937	23744	64063	99619	62204	79049	62327	31890	36889	65128	16141	7477	30033	25791	94113	55255	7707	60237	3996	28886	88526	78854	7547
14798	76223	36471	61701	8030	72106	34232	87360	50197	8499	50074	3353	30807	91155	61743	80918	99045	13103	94816	17926	32816	71108	57183	59860	37765	29671	78419	61044	48515	73139	29401	76607	3365	16982	49075	80952	82226	70162	98733	36421	58410	52641	63747	55371	84425	66165	45874	34992	63378	68189	71727	91314	77592	29902	66511	10875	80565	85020	11583	32600	25333	94872	41438	52323	24597	59880	70733	9147	56979	60221	88448	2060	58695	39326	30349	68898	98940	12272	87118	5799	86061	46787	97269	47211	25111	5613	85551	11422	48510	13257	49579	494	6461	10580	5182	13152	13103	17135	97281	23474
70836	70806	55219	68969	27607	33282	79692	38689	54722	69023	80330	79211	56355	28526	42761	60956	39985	41689	1285	91038	56668	73122	41252	42879	97298	46640	64895	34354	52266	10675	14756	11079	36957	51590	20774	76886	58249	64070	83713	8156	79902	12096	60886	21705	48366	10604	23490	31700	8188	7035	16177	48952	76270	45479	55588	67599	63751	22424	61536	63879	58169	15235	97686	18521	91834	85474	64377	45436	6576	73136	78978	52492	54429	18234	3062	93384	42247	77016	20793	28954	22158	65481	39429	6317	33208	68355	70707	33224	78725	83912	91469	53014	6073	63369	86731	35233	76791	93328	68991	66179
24350	31237	71575	13200	3795	37399	50164	35482	59096	2278	821	42323	57831	62174	20575	416	1374	18719	40488	77912	3738	24511	79025	7540	69771	10023	9145	27353	38238	97581	26482	90728	11208	85666	89865	9555	47514	68236	62762	94724	24555	73680	17629	60382	48990	8494	7963	31699	65570	71526	22078	19133	21712	61272	83653	7313	48401	38044	97444	78305	94644	16066	91753	96234	234	95405	92515	96171	64884	77242	74585	88603	35883	7173	94157	251	71323	31156	76214	99029	19743	29358	12532	66330	60039	66565	85786	52228	45142	13410	12496	81573	15425	37661	38225	10527	92401	13564	36728	15739
74344	90911	28703	32500	39185	5251	97002	97519	89117	52359	68731	79435	47491	38204	55513	81312	3921	51479	66819	93441	21694	32173	42037	53122	63500	20389	18188	56763	35575	50823	79632	56504	58787	13540	71328	16048	18607	43552	79922	72493	61437	82260	86835	57473	30258	1419	46806	81549	37903	56843	19068	50095	54403	87113	98911	43926	63751	46211	9490	51172	70007	41045	95006	41376	46169	18262	59458	1741	56666	98668	79817	8815	82082	15124	82052	49875	38972	16445	68470	5080	42180	86127	58725	38706	9309	89451	22077	6807	4650	1122	85266	39546	2569	21657	71203	9201	72732	5	87964	90707
82715	63059	74110	91936	12399	77150	18216	35102	33187	238	41007	13685	74809	90173	50646	59912	97878	87378	44904	44726	91224	70446	32083	49731	34897	4201	23693	77130	80778	3514	40354	79455	27889	83728	41821	25148	38096	8118	77806	36546	4248	87742	41435	86004	83494	36763	1041	19297	55264	41479	80417	45938	83810	52358	90406	12964	65111	77913	79607	85355	97942	41192	22544	19241	3923	10805	28305	88209	72607	57272	14186	64632	69690	5610	37050	6707	93030	14869	45996	90073	75264	69779	10435	28758	30708	29743	4428	18816	51855	10416	21656	20287	91940	4493	79769	50405	6900	51430	26725	44566
45487	2923	1966	30863	27124	55875	32285	76862	66359	12530	49856	59807	63877	33565	34480	47899	80532	76786	51007	15565	64306	9937	79265	4571	99673	17751	21928	64288	71547	55528	73372	46613	94160	51429	24071	28869	59833	49535	70631	37492	8168	93775	74760	56919	7850	74605	62577	79756	98819	20719	88706	12917	63674	83395	58710	65311	38872	97226	56419	93039	75498	98992	21109	34596	32961	64490	19586	85540	44963	74405	21412	50502	21325	46768	69217	93910	70420	94873	34744	13540	96224	3934	65116	50946	25011	93906	84666	32637	54304	54293	9822	55168	15839	11275	61153	73176	5557	72603	39932	96556
9822	26506	71506	20833	7934	52070	81235	63192	85460	46983	94078	13830	52447	79698	41881	98826	86432	14925	3669	44300	71679	5042	51107	56091	99083	53935	16131	33452	6029	53657	13781	4711	3376	34460	10491	1495	74327	80307	24825	17150	37217	94428	15437	59771	42912	17212	60712	1627	66439	40530	16171	27576	67310	22403	37014	33224	37793	54342	90875	70451	50468	50420	3376	17043	72937	76666	5537	47349	53642	36371	51391	91399	5902	70650	27303	73941	23652	18838	86704	67231	25810	63417	42656	44885	25541	90636	93757	10288	57959	37421	45779	77509	51076	53061	35924	89235	61897	11578	4634	61840
96200	21471	24087	70956	79463	24176	8026	36423	34232	55659	26477	75386	97657	34545	99437	32380	22241	37107	54151	22127	38534	45474	32688	21094	96013	33620	93868	14262	84169	21098	49467	93849	94551	95223	6191	18808	74246	98825	57786	25370	7556	35601	53356	75498	95174	40308	8466	52783	51142	63790	93805	50740	88698	74067	28762	81529	47181	63435	9761	95580	15172	81686	74423	4551	3782	14640	18199	47010	52890	6125	56424	22459	45755	92007	75402	65671	85690	18155	18273	61876	14155	40014	32951	72105	59705	41919	9874	30910	22581	1343	35466	7609	9610	46120	70816	9140	81539	93355	77285	12068
36174	98735	46575	94778	82938	72342	78397	42972	10765	76033	38723	58951	10373	29752	3528	11319	52104	60909	16121	25443	20568	33365	33082	47271	62513	48181	90035	12215	31730	77860	38775	60878	43312	22932	67144	94195	91547	84272	83924	70044	2896	94463	47856	62405	40049	12383	44323	93228	71008	92160	59963	28021	85747	64215	11675	79840	85728	95699	8443	31007	60660	20229	69030	68472	60512	49181	94888	61374	60605	98153	44896	37146	55256	15697	63122	60708	97851	96777	84795	67119	18995	18725	88219	25711	44769	49718	56135	2924	7647	82957	58141	17686	42563	40884	37936	53117	38492	12553	33351	90293
72198	17119	81727	6786	35998	36638	60529	68594	10501	54095	40702	87291	24274	90980	33687	58025	64689	19022	42920	9297	83036	70051	69061	36381	11642	38144	79803	12640	30364	14318	38853	32162	8218	60432	70066	9719	5458	39327	34560	78913	67034	47738	40781	92322	93655	35473	74856	97431	31691	74241	29495	88363	82122	63301	79398	31095	43115	55235	33953	69421	26129	70353	56986	89801	19256	54373	35198	55488	33174	41905	76904	11607	98298	72781	33232	46233	33533	48764	4129	20461	62127	79317	67301	26805	60630	92580	21536	64882	34142	21976	27332	19840	8656	82046	74579	70205	47243	3667	20172	24945
75254	83602	55748	93684	2203	93901	44692	31841	2451	52433	7552	47905	77115	75203	66836	3859	41107	60887	77735	46706	10929	31765	931	1923	16559	12186	4601	35209	37485	76473	74027	80438	48999	82511	66132	3823	54600	91768	47972	24269	63753	66165	31533	34935	82847	26006	94091	47083	50874	6715	23609	47055	11350	89242	86739	37455	87667	56775	39463	79576	68855	38933	71913	21513	8651	64494	97499	29909	19025	12022	50520	64845	77924	65923	19013	10640	70445	37401	98262	43166	55231	8808	81996	82924	17170	93003	81648	12001	78918	46983	14859	12614	29255	31979	45059	44258	44482	35471	6476	15556
68078	7214	20065	82564	68501	61682	37319	38675	1108	65935	6610	22999	69893	14466	49306	86750	41360	2514	82921	61108	66488	30934	84543	82627	525	7977	69012	77868	33657	90503	15881	24441	4432	98943	36656	40571	28052	17849	81482	78863	72839	72553	83105	14368	98290	56929	22302	34774	22581	80597	8160	19488	58700	3010	95888	716	95795	98379	61815	64090	76038	14725	82574	40826	57244	50453	15516	69823	38403	86357	90533	74885	16695	8989	86300	19869	42916	61715	22476	9208	90767	65674	94307	28654	2054	52420	815	71822	21363	17141	8877	46303	72628	41308	98200	58111	77897	83753	95445	21609
98461	81880	5923	40744	35188	49713	63462	85661	61481	98315	89099	61172	44668	17638	95391	27625	86196	71721	4384	85801	34057	3597	48263	15068	82177	41982	22011	48894	28345	43120	33881	29925	69523	8257	49270	4508	2618	83707	99351	97793	86640	30459	77017	22720	2533	79901	5826	99724	31873	88440	95989	61567	96836	91817	7187	738	2388	43715	4628	22766	81232	10863	8004	82806	71528	32450	59524	34403	58122	78089	90409	15199	26430	12039	7516	22853	16756	39114	53019	22865	88058	54646	54313	50785	49948	21250	22156	55436	7163	55555	34308	53884	88671	2187	13199	27295	6009	85134	26404	68965
92537	23914	34502	67825	15988	3471	67695	39420	69743	27305	93868	88192	45708	2058	18319	28157	25004	57320	92489	47372	78237	20280	282	33757	36030	60014	49010	39913	96438	34516	9262	65211	41211	19669	83125	6815	91180	67631	49028	65781	19495	25419	65395	10825	21025	1863	54028	35960	42436	81442	91046	81599	49569	15169	87908	34775	83062	36348	57991	8831	73538	41028	68886	98352	34795	97097	82864	24862	89981	78608	43092	26695	21624	9319	52927	30703	19684	54242	32575	3435	87973	99382	29352	95039	44365	21576	6240	48208	66855	15740	44032	4693	84119	1112	46575	72485	71681	6096	17563	632
82008	91651	19875	19502	91369	67881	3407	26146	67555	25318	16531	75946	77178	70735	17710	83063	36546	85497	36410	75423	22175	11828	91688	18113	50846	98058	85996	22442	59788	71007	93943	79558	94502	29342	25960	97416	47810	8763	94980	33910	69526	83567	9953	38970	55843	68267	14374	27255	22498	16796	20891	93254	16680	95806	2941	39929	54743	14695	8779	76755	65901	28982	45061	16695	26148	53042	92040	68644	1636	37448	49823	93074	41433	19391	48469	20339	15487	36391	47455	49731	16124	81530	97722	40458	99466	74430	21925	43041	25970	49346	94275	85364	30690	16975	5139	2420	98112	65224	58183	23452
32350	82591	40868	13711	64769	34650	31706	46807	74841	3329	46914	46014	39470	3620	48469	31855	2964	37181	55165	88604	88892	57628	81798	91580	97087	31446	51626	75739	89621	78491	52830	52719	32752	74269	68322	2240	34839	14835	79483	82819	31385	11364	3250	64456	83539	23059	73776	50546	14788	9417	88358	17771	97995	42760	65027	45919	65533	39812	29163	43283	44938	13510	36033	65584	54717	15458	84223	70714	3036	7327	62536	57196	52926	90639	82903	54906	79498	59577	11470	34102	85764	40814	86378	57601	70760	86886	96609	98525	36934	6218	3277	60943	65262	13048	69831	23634	52088	21464	28632	93401
30676	8789	33678	35082	87649	46774	16861	82211	93106	38019	35287	6485	7351	67453	34702	61509	25067	80592	99641	49646	93382	95805	71042	97614	79412	57564	27506	76336	13954	3433	2731	92279	71057	1559	65477	85737	83923	58184	83768	71707	60222	4935	85529	56916	34878	58168	49606	61797	82268	60412	48646	65693	81803	66435	73553	25632	74650	47259	90572	95898	54640	29837	27088	89650	523	49996	99369	57485	80113	57475	6914	49702	90050	76172	56125	84891	47718	24333	51912	95750	16170	33999	59007	94457	64475	14699	22672	74832	67331	61475	46704	61828	86448	30300	49396	92233	58071	53807	22187	53034
8653	9581	13840	11478	13034	37963	42597	48578	23407	50859	12303	75801	96247	16735	72839	72093	69	49313	45121	24395	55386	45219	97766	78892	86312	43392	25128	60922	24870	21476	40536	73266	52371	35244	2570	27880	20796	68633	84289	56386	67562	83146	80365	32456	20551	44423	28436	42904	97026	3821	78469	81931	68768	85906	4725	54014	20563	15964	19586	51812	95027	66891	7376	83390	66316	56600	99506	31900	18971	24218	27412	47970	97522	24495	64132	9922	80185	53445	72825	64721	99397	75661	88136	79979	65084	21869	73879	28117	56684	20843	25257	7026	50025	82432	13746	29475	55881	71671	95801	35207
88872	79679	75161	88286	49297	539	8874	60908	70182	92457	16742	32384	65286	73846	45304	73579	55285	40423	47404	81529	27150	78750	36213	61521	12645	28731	76763	4540	6683	22665	29202	53708	94993	80618	38208	61337	52640	30454	17251	74456	68066	3963	7013	31744	3104	86546	69689	13729	22042	94973	356	53020	96422	76249	52882	83813	49194	166	11460	89448	85871	20724	78594	8918	44829	39639	74693	1720	74554	29170	50309	65623	89322	74791	25511	25938	81792	13006	37119	86140	91244	82495	57663	92291	21478	59983	10840	8266	65943	98657	87084	72830	55452	64019	48818	33030	2953	58677	3165	44099
34895	71162	77919	84124	72454	14721	46022	28335	85080	49821	17693	34058	41030	12115	23242	53637	99411	96483	79952	68145	16919	61497	11769	2756	43448	23743	56897	67706	48401	46008	88359	7390	50203	6930	92722	1642	92261	77434	2254	26826	46843	78874	85717	88781	71844	938	24612	44351	82351	37929	52806	39881	16324	59974	31988	96277	31558	44355	3554	15225	79349	54479	5388	53711	71889	39913	64793	94084	51985	22467	22346	49632	62168	59862	13315	92725	22097	38466	51927	25963	61799	30800	43958	6146	64012	34741	89369	93068	46869	26658	41896	49633	97280	28229	71599	29219	12449	46652	24014	40091
51008	11938	96887	313	40812	65353	472	85210	17266	78304	63796	37264	26887	41501	85892	82794	63693	38739	88087	71752	9721	49225	29730	64657	84073	23314	34349	80068	35218	9394	30893	69376	12636	53534	30188	53459	5302	98445	27695	80515	88026	39217	7654	76953	54173	31117	44367	51293	31248	31851	55693	5687	63543	63970	61758	82721	60228	55904	87588	5952	64872	51830	61341	80502	40460	25614	64727	63425	79377	2435	19485	47980	83013	32883	1314	33460	71253	62076	77279	24821	12200	97766	41668	22582	12739	19113	25373	91605	11153	39757	16889	52835	77703	56314	96170	54928	87766	92117	5848	42726
33848	85297	66159	77805	47373	72915	50015	19670	27700	69508	17138	79611	99616	99867	64623	54554	33981	67263	95096	12856	83494	60176	47639	41942	65846	70646	92699	81260	39565	70845	25471	9930	61865	29705	62487	8900	73724	43859	99009	32257	4973	95441	91153	51711	48128	4033	61930	92904	85070	38288	71251	85400	83445	60750	12901	17607	63220	92942	2444	63019	44595	72441	64831	61410	65052	74201	92814	22396	76076	58179	42922	17770	73937	17075	38489	90797	89568	14285	62284	98487	31587	68077	16861	42348	83126	35150	38230	71604	84380	48553	91915	88791	92029	15576	80004	71352	8968	44102	62559	4127
60830	55002	73379	35643	73178	33020	26902	37681	14930	83320	39971	64071	71378	17111	50373	60090	80502	97386	59176	12861	72653	44895	5074	72091	47538	27991	88061	17176	99124	98187	10950	83295	92446	92602	49508	80000	72054	39720	14144	94235	85462	8937	78119	53487	22786	76400	82380	26489	47164	71927	21777	59411	81429	21545	94888	60479	50179	77117	17395	9466	26858	55723	44107	77443	89093	60572	75068	82525	53921	76464	52792	44147	32645	45850	38467	28876	74460	42090	73686	99133	60778	18177	99482	69697	4673	78878	21669	70972	70683	31919	99342	51045	48339	47797	94583	75126	7034	83464	76526	51837
3498	89212	92949	44920	31050	2867	54581	30971	84133	7557	79730	39400	80934	15547	11928	28950	35742	13955	49480	55139	56301	36156	9236	5657	13198	6624	28279	96878	58757	23968	46921	62443	10601	73098	15558	48141	28951	7676	35618	77762	90090	61240	73385	53202	56528	94073	88156	13003	82721	3193	20362	47941	73709	52779	36692	86454	62315	91446	78584	26317	31577	70773	65456	53290	86531	28770	93560	60722	64674	29540	39319	58423	1606	35138	56305	48383	27698	53113	87758	79222	19745	67104	79492	66588	29092	62170	83595	73958	38231	84518	82487	53171	4169	76368	90672	56153	27004	36199	7602	43685
80659	40441	99690	2237	59063	50887	21238	42617	388	56128	6311	51322	22793	30433	61733	27772	97284	42513	30068	12832	72259	69816	23324	15722	27165	78363	93153	54616	64894	66834	7950	61765	19178	45153	98233	82307	79293	29807	49044	73369	8014	80635	57924	84095	52672	74055	3953	65767	49427	75794	65565	13211	17731	61916	13114	57293	4393	85128	55994	64414	32842	65257	10512	1671	91032	57452	49252	46022	91806	21541	78074	4423	633	77565	70276	23447	21185	62420	17431	7976	98263	61733	67479	20687	84586	74282	58213	24227	46503	60708	71471	38968	27259	83543	3148	93106	66811	81300	15114	71401
50991	31249	8815	54573	30338	52517	99999	81334	80844	15440	6513	96169	74977	69253	64501	78962	28691	73295	77051	28010	19193	83546	66199	69174	9927	11411	80197	29332	63734	47030	47626	37988	58432	75808	71181	86707	46681	79785	15320	10294	4868	34734	99993	30692	51564	12821	34733	1475	90076	25973	69726	98223	13779	16426	76583	4373	98449	18842	14772	13307	50015	47542	800	19487	87067	40671	30313	10745	37595	95392	73221	54471	48105	95627	90862	67427	13023	59533	43558	28918	17428	94141	74740	62875	66975	8469	97782	64982	49410	3862	14741	42696	44218	2051	19400	58323	69052	12491	81028	85819
37142	51491	54696	10729	33642	78564	9212	52251	77532	11494	80177	19695	32723	16982	27862	80976	9351	64405	32058	78024	69268	31860	80210	84628	81510	82781	50439	60407	25182	80382	90394	40687	33085	98599	75346	38914	98652	98939	89333	94106	38578	14697	34464	61099	22614	10829	39704	15204	49207	84576	87643	76044	82626	84515	99030	65846	77991	88397	2979	87118	7350	77546	69739	27037	30323	28368	10061	1321	7447	50437	31704	74733	1702	33172	85258	56765	53892	76880	25855	31612	46170	33856	64102	33359	32950	54838	96231	75147	77562	21113	69154	98304	35722	27447	88966	85677	44718	71393	31919	89719
12182	78099	31916	41687	36522	69933	66409	19951	92323	51063	94517	81611	92984	45737	55624	2180	1369	98099	47199	65624	63587	67966	71171	22953	31000	9749	65539	41183	10186	31547	73434	28380	78379	87100	60298	32676	28491	73340	56722	89709	23677	75233	37491	99110	64595	50979	83626	7193	61313	19774	1628	10147	96146	72686	22945	7871	69528	50198	65655	55952	26949	75270	93053	40056	46415	85773	13772	42896	64267	85427	64765	67190	92223	54827	88907	34115	52578	99797	73809	3001	91430	81498	78567	47	18283	14932	62427	14082	91090	66853	43876	22296	8562	5094	87284	99094	81030	34819	66114	41308
64921	14961	40587	71409	85325	99377	47807	16426	79608	48129	50325	22719	36901	19414	27237	99523	60331	5356	68489	62946	42453	74526	30213	64945	64515	56775	62175	20419	16670	68091	45653	59913	37997	85595	16605	13792	13355	76159	61604	93479	66560	7697	59460	938	19533	43488	16049	60850	11343	17685	4849	1065	50518	85618	54630	86915	75129	69902	37625	77409	92367	43361	64345	10730	89594	7573	67012	859	88601	63629	19155	95815	26784	74106	73667	7784	37584	6689	44176	82141	28697	49436	70339	11744	37800	47804	47806	32176	34066	28379	43896	19708	21554	65641	63850	83983	22434	78272	66694	88451
65569	55965	14562	2847	62329	45573	45939	84243	12777	7364	97293	46573	83551	26460	79985	48906	66282	40796	19719	48570	33868	15687	4872	49579	15517	42194	63338	34393	1064	76863	11257	35438	98445	87927	19550	28870	11326	89138	33460	69933	18102	59065	92355	44786	32936	96709	14846	45827	41791	76160	95152	13106	89400	87472	18002	94767	60221	14199	63706	58407	82574	62209	33488	99171	46539	37194	67164	68632	74125	10348	35451	66528	59221	77106	43743	36325	18352	88486	83961	74331	10292	94568	52798	15631	10141	85736	29631	13978	62063	28141	87583	27660	55739	44253	21047	97057	48982	68845	96022	55041
16206	92393	44653	94793	49344	32195	71458	92532	50807	36252	25702	17073	46616	68869	85165	36345	54884	65048	13148	16899	87293	81754	12265	10214	2504	32940	74661	97079	86511	86599	74272	63924	78189	52645	1995	61734	60324	60099	57036	51790	81930	82147	814	83802	62797	11792	48023	66810	53025	40750	78747	98298	99601	51899	86991	17459	41661	56713	5866	83375	62511	2828	49402	36133	32339	51803	11741	9935	47047	25695	97328	27655	36149	49736	99800	59252	33077	38842	47955	7393	78103	72581	10654	34966	97729	36809	99605	43347	13049	45813	15115	70081	15462	75549	37567	19393	34953	18573	28501	4760
29832	1369	91338	33	94215	69888	99361	6052	35734	27558	46993	45135	19480	97286	37688	61597	80708	27660	15115	12333	67725	4834	44653	86709	49494	7772	4887	19035	90977	89186	83094	94294	46116	9849	70051	26903	19124	93159	1989	59339	76061	83468	36482	4127	79105	46646	82445	45963	66846	22800	44799	14005	77184	31087	9838	7814	37241	77259	14930	26186	84232	1560	85649	23364	45711	97480	78000	79391	98658	93504	89455	74342	6171	67063	91749	14315	31633	32961	79575	63648	21404	12693	66917	34022	29874	93593	96876	87361	43377	39933	14002	78872	88837	66695	71098	25460	26595	46659	10760	69074
71582	4501	6275	12604	55463	5054	21552	23844	86997	60732	79255	92286	91634	97232	47443	38582	4564	22277	39518	14223	25499	20515	29427	798	55295	74526	86422	38509	29650	38736	48946	5242	29018	44710	79472	22611	2210	40601	62224	59797	22976	29261	25926	43525	95417	35140	25625	18963	82390	26757	83625	80858	76929	87578	24404	56655	83447	39789	81108	64555	60055	70231	11155	87031	46409	3893	34538	90755	2192	63534	11136	61822	13321	97582	74879	68967	95826	15295	69456	99732	63101	98709	62676	47256	88174	91980	3506	46011	59639	88624	3616	67446	56165	59260	6561	18229	6191	65472	82517	26074
50614	49152	69774	67266	62273	93305	39334	48084	57415	43065	69683	70021	68	19228	74907	68725	63485	14039	60328	44137	21006	67780	51355	58905	50425	8381	24360	9736	69981	12943	30549	76864	70450	56473	92745	83421	67036	87757	40776	69192	17991	94716	33774	44957	85509	34027	31225	49556	4246	48966	3445	17452	67102	21659	96272	70954	33297	45646	83930	87847	62548	54087	32924	2010	6889	16422	73612	50261	78742	10920	79720	91472	6593	39125	6184	33006	68632	65018	35548	20160	36657	35400	20529	21671	90962	20520	76165	55277	23344	50551	64029	37286	35814	77118	88807	91628	96054	59558	6218	43311
27257	81014	81127	19229	59667	42992	27866	21796	18986	3285	91479	16652	16628	30722	67176	42738	31231	26243	4145	92197	48009	49130	53970	86560	86572	19295	63420	53660	54702	95998	40869	66621	36061	92367	70164	82183	99883	11422	26068	37185	8924	75040	68969	16982	95709	32214	26969	41954	57143	63352	73908	48627	99803	48731	46090	80325	93384	58211	60757	45575	77292	3769	12304	9623	85471	95380	57177	54521	20977	6583	8946	68725	21474	96792	4720	82170	52745	23073	88489	59432	78359	9449	28263	82462	51748	3288	63561	41246	41010	70206	21601	92940	12846	13348	13501	85096	11417	71631	28990	78617
29183	51798	60541	3533	45134	16266	696	32677	51435	40591	19506	4573	88149	31906	63616	57561	81948	69970	22938	4005	21723	68542	74772	35563	90331	39813	48139	1715	9520	24842	1175	49317	13412	12550	78590	20147	3250	11677	38277	64022	27602	16183	61508	63903	76915	76642	85256	3473	84341	5909	69923	7490	33564	3297	96318	41871	88603	24011	26991	69194	1151	59291	79588	84748	3807	57760	62618	27005	63918	70425	338	69169	25080	81988	97776	1647	43381	85424	31124	49191	16781	12581	21782	17582	87560	32582	98058	11697	7314	77895	95550	24341	55219	74710	16681	27995	18874	41198	37864	56039
77906	7567	56646	36508	69524	2684	46121	15525	57487	68837	29009	36268	49140	48609	42544	30667	85486	3666	73564	97417	21418	47954	30903	24289	74767	66000	87125	84809	30460	55661	67308	40149	21222	97038	68572	98475	78277	97435	19586	88011	99365	58898	70523	40485	91089	79564	56769	40877	22411	82916	77374	24377	18367	83422	97710	86038	18592	60724	95206	50570	53518	71160	72773	51753	23854	78719	2215	81433	73557	73097	29167	57948	37501	29570	47727	54741	96496	86796	97132	48003	7395	56489	70606	87235	91162	79546	52912	17833	2824	35172	70702	66249	41610	23961	76969	98243	50391	45566	50219	62825
25428	368	20380	26643	78559	24962	27161	72790	10959	22101	80655	53845	79428	12800	58178	1460	24332	68469	9683	4457	98889	30821	54557	30216	10024	48473	3715	68501	17804	94860	60869	89662	78990	57165	99212	19081	94011	73916	76831	48218	31257	31080	25688	8930	27137	61858	75385	90970	90030	80351	80845	24302	44557	29094	98951	55993	90685	30573	35375	60521	19667	39929	14055	53649	93089	52640	50995	42595	46068	54907	97775	50539	74233	9081	34328	3578	5512	71602	51447	56129	4368	55576	41545	50294	18912	13236	13208	96811	30312	86899	94122	12249	42758	89524	77035	91275	85676	39148	44832	45743
55686	50461	30641	17962	1083	135	91473	81713	27346	910	13166	59749	81231	34800	88198	27587	41894	12280	32228	5322	46651	87142	69324	51777	64177	47578	24460	71515	50709	32174	46510	41520	94604	93906	68337	81228	70332	4777	54233	41839	62725	19819	92456	51152	43099	75002	5835	55581	22127	72884	60327	28226	11274	26395	30338	94568	70090	13723	60916	63217	66057	27144	72882	31531	89526	78591	89726	25140	78582	6361	93693	58602	16376	36740	91366	34126	45132	90151	25355	59893	92239	85266	49175	99417	84640	97396	34791	36231	87277	78929	93910	66537	7507	4638	79862	18204	98527	74668	65300	37427
48315	60869	28302	28172	17160	76226	85405	89320	28511	33394	56488	58441	40394	29426	62415	22098	46945	767	14691	70240	7986	2786	37270	57197	11991	2456	98230	2848	2021	54192	75540	81395	24739	60050	93858	11898	14898	32280	40921	6076	78140	93417	58113	12684	9114	11807	99064	25240	13319	16734	98047	68607	82492	7189	9064	10695	98417	6047	20940	86205	27370	61049	56068	46772	71368	83666	63404	99883	9889	57466	45493	12350	54735	18698	2343	2271	7992	49304	40487	67123	66275	70420	1650	40363	97712	66364	63102	12940	33222	16400	25865	54463	2243	9611	57312	54718	87219	55725	22799	49906
71405	45324	64767	80504	39032	55381	99157	53766	53861	77106	45375	83880	22786	97922	72550	54884	24412	67864	87114	9539	3049	36352	15124	75641	90044	44485	53106	48396	41782	38271	22861	51680	89559	25311	89444	33795	752	66313	83314	64941	23873	65474	42103	50274	14645	14326	74427	88281	66562	56072	97154	44530	97877	29962	50758	24264	59385	53120	92146	91332	63909	21939	64492	39978	99456	41167	70670	7848	94171	44331	65894	20302	34436	83517	88473	47835	62880	75984	87943	52951	60968	8190	15467	39084	65251	12671	84220	60675	89285	30470	78578	33513	82448	5657	46425	99640	33971	97547	38646	25617
18702	15014	67723	28645	90083	41140	61174	94538	88513	29427	46138	71390	61404	12501	36778	93518	49162	61280	55244	86374	4913	27076	58305	83962	97627	21641	19153	25605	79227	30735	81539	49343	70027	66313	86222	10032	78192	15522	22504	45840	44495	34734	57881	26042	78524	30896	97937	88887	61263	83118	48093	93546	56428	61616	30911	44819	98576	88327	29790	62965	72809	18649	47444	10811	65052	37113	23330	47148	90400	92740	24874	85438	78396	61067	254	41748	59141	9700	31559	8941	41337	5319	6900	48040	45970	9374	18867	1442	94154	49533	29841	37516	77055	24353	74375	89702	82502	2391	11938	33622
38956	14763	87011	43378	22063	92141	29248	62207	42135	11657	66552	46582	1646	32029	48952	47678	14845	18497	18801	59529	5519	20966	88763	84789	23382	51910	51893	48812	736	44510	34224	17401	38420	22655	89393	98674	14530	18620	23010	45757	76784	59633	29702	26035	56801	27812	10438	67760	30528	3979	23275	42536	92310	5101	250	49688	54506	60992	51234	34149	49872	85437	91356	80411	1094	77918	41362	86426	51161	2815	85275	61007	52269	14269	23650	62403	38405	54069	19599	3706	13512	37499	63452	7344	53372	60999	39764	81593	2900	10293	87957	37413	73904	87933	18505	41265	24146	28355	63281	69910
36281	53491	3384	23899	82310	86721	57374	14021	51878	76122	31998	96288	77126	88575	53670	60072	61525	11841	16238	93488	90687	90211	37796	98685	32477	14311	85256	62179	47597	32906	91256	55742	48305	49663	82669	42017	94306	63049	51233	54595	52751	78685	87828	35428	7258	40739	68714	7048	62616	66795	54521	15542	8120	26720	50075	16085	53894	70413	5721	50414	34919	76481	71521	5763	75460	51113	91783	90107	32826	6665	38479	43526	23518	20247	93906	79897	160	59275	61187	79801	62	95332	77508	25367	56140	85402	99881	56342	89913	82553	82605	26960	53244	51913	48720	15617	12808	6104	71821	61181
60002	76861	47143	77776	99995	86650	2186	83265	79708	5840	34940	20365	72902	90977	97764	32020	82643	7028	46111	46811	45709	98152	41862	25202	93405	85738	93076	84310	47316	13429	51003	69646	47539	6837	81216	53073	65248	44963	5745	50750	25489	83919	5764	92697	35864	47204	35712	46114	39152	30511	4800	21875	65603	22590	53445	74748	97477	35615	28876	51767	61312	91491	66476	88508	44235	61902	69036	27611	55703	99930	30514	45870	67706	23788	77160	8371	71017	44201	74376	97658	21876	16913	88912	39917	21281	81121	65377	37280	56408	60732	9019	51403	36455	11258	56358	39468	6014	69787	18150	22622
57041	21202	83667	49080	26938	51861	19962	57159	24470	10799	4579	28911	44651	627	55427	64218	15522	18070	15743	78782	87663	95330	21294	44083	77038	27251	69059	26195	43477	91552	40818	60714	26287	4026	47544	74543	96047	74938	11877	81813	85018	37436	82510	1757	67920	62592	1146	35415	48269	48882	44937	44856	80556	76912	32549	32687	47860	38757	49470	29267	86140	38033	52689	18445	67771	41757	95631	721	87100	82542	26590	61410	86581	34991	51526	67988	4194	3841	14247	94831	30510	57631	43939	39825	51220	50567	13610	13173	41871	69514	81993	26442	12743	39914	55797	34735	59418	41811	42368	32877
93196	3562	83334	13861	9257	4528	92698	38334	72083	76314	63850	92962	51491	10699	60400	66829	25508	80739	41419	15889	9333	74259	28081	24249	12453	70480	79931	52006	7673	85256	13899	53115	12529	76045	8459	35128	32263	22583	82285	45615	98827	87507	10940	28001	65412	15789	29520	30226	59353	90962	81865	77005	62206	33448	45149	78387	10915	78939	65790	40824	14861	51356	49120	9235	56728	99796	24535	86221	85291	51139	46253	58800	47355	92518	33979	26893	91384	52897	93997	53212	6369	20345	31886	85220	63158	98207	28037	84591	45564	59389	20350	27738	95264	37286	11097	90375	43838	65079	83835	71056
60525	50468	57189	3905	61378	69606	66283	56277	64219	6994	60300	24309	6659	4840	11564	56862	18938	55733	78900	72998	71625	17501	94004	23583	36234	89740	44301	21620	73161	69033	95046	34659	10198	82054	53172	23768	67049	57277	56201	19233	63395	47674	10529	62237	95126	24790	3568	72910	82685	32506	49788	53578	19258	11550	66958	47879	69106	18968	4025	26477	53616	7083	55303	37069	12838	65924	80538	46153	17192	10792	51589	72126	50498	60284	21942	94009	63054	75240	36181	80305	27549	78554	60836	70423	80169	11607	11267	24022	96838	15454	62094	21604	16520	16614	70995	61154	31656	57579	70567	87257
14846	93203	4695	28464	51422	4384	72326	80198	57001	94770	53238	32491	13610	63266	50928	25559	22103	94535	11254	77243	62554	3568	25250	9928	35260	4675	77241	10145	53214	38407	76241	81698	54958	380	98813	15280	3317	90665	87480	72851	450	67051	63885	25504	90331	42238	46111	16395	66042	8284	70982	42907	2106	19899	36825	90606	44767	69593	98408	93813	85020	63784	33614	20260	77529	91729	38616	56344	84037	34463	58084	76696	19749	39216	92664	21230	62288	14583	89284	79670	99852	51263	96164	53190	42514	99723	33795	49118	8654	55281	93467	40164	6867	14625	571	82052	32279	47305	46082	19921
37163	2111	79588	86076	89336	29583	13764	53973	3220	18046	61095	71299	92537	63868	72775	96581	41263	47064	74740	57663	12592	29179	26518	20662	40285	98100	88601	91703	31270	28830	57888	14718	64621	80825	12610	42413	26636	82886	12040	99877	45402	24909	60033	44899	47750	92554	90205	42746	92370	77855	5107	63507	36131	12458	34319	98063	5506	1570	96111	42213	81674	45191	43290	89502	98981	32298	36686	58137	40870	9761	5540	65363	59656	23451	27265	94177	56088	65510	69983	24857	57268	98932	16675	29845	1822	69256	91130	73733	31951	29227	77307	32745	19443	28481	46139	24607	1251	44112	78982	84429
6485	62403	26049	1811	65314	39238	68683	58843	36944	86372	94548	35418	75177	43398	61312	51543	2531	92637	21168	13924	84097	92496	31398	96177	66230	22508	6651	38013	78680	51537	44440	87726	78231	75749	92219	72947	14877	31207	14671	17276	15284	21562	36333	79040	43732	66392	97049	82001	750	72922	30011	78711	82554	63027	23006	65346	57887	68464	32065	90869	90399	31696	92104	27199	70505	56612	1988	2956	14799	32393	83065	38631	24214	30026	9393	1006	48868	35320	3198	1086	76816	73325	50979	41040	88325	78399	84571	70231	94777	2594	34169	36854	69558	81842	27527	25679	72684	35440	78516	83423
56399	31791	96243	15167	56012	88675	68296	94165	74592	69419	16267	36071	41734	15733	19389	34436	45817	29777	58505	78836	8589	50740	8996	37695	90830	27698	92948	57354	10112	47899	55533	8417	48429	22316	4198	49608	10658	6979	5009	32605	11453	99246	94205	81645	19163	43892	10238	15979	47534	78927	63074	67726	11265	44981	25366	56988	82277	71474	59183	65744	94606	83480	18489	61547	29036	747	29469	40347	41215	12076	59991	60195	98393	86131	64474	25369	94896	17246	30273	75249	78677	36981	91945	8206	24742	35686	44658	61814	32315	47890	40856	87530	79856	44582	67021	76863	68758	2677	36462	51217
8046	39044	10462	26169	38514	43057	20697	68965	57062	4233	83074	50337	49156	38027	64558	73217	53078	19181	5118	13985	14830	18090	52482	66117	52670	5362	9657	15357	34395	78449	6367	31479	93421	41579	66385	48522	46878	17415	16178	42960	41885	58735	83272	12968	13165	78494	98025	16499	94552	20605	34170	34052	48540	26034	44587	28758	50684	18796	18845	40825	17569	20624	60421	73381	31793	79565	1386	77445	23671	79895	29397	19301	19428	82562	76377	15660	15134	45032	70624	16423	32475	31786	13426	5156	1289	41261	85907	58900	79068	12896	42259	51705	81440	92297	49599	42978	70859	662	33751	63988
32491	68373	56163	52602	98872	24683	93644	48781	12481	43209	60778	86346	92787	93390	38193	64322	73868	15487	63794	91993	22211	44202	79760	27339	89997	19199	60691	36051	28302	67490	64395	10395	6059	71538	13047	99737	9875	66955	65368	43442	94980	58264	15485	22774	89541	3430	47110	64310	49989	78907	26208	38668	92617	15867	19660	3410	72276	23217	98711	61161	89733	27466	34443	31969	58773	51578	75944	24166	1125	60540	17109	66462	391	72462	99969	21565	38259	99879	92523	74450	44130	11395	33653	84664	88644	45152	87867	74233	62908	14785	17796	79400	20655	96950	85349	53870	19028	13928	97509	49033
43729	47071	63987	1548	93041	41265	85290	34863	30573	26193	95244	28684	70310	98443	69836	58585	73588	53994	27950	62699	72081	83262	29894	55483	20482	5942	59623	76222	43243	7358	59413	34101	40883	19396	52803	92504	45645	82503	35970	45941	34917	37985	87297	30029	30719	89088	94094	78838	8025	37952	55294	70197	87459	41978	67157	59104	67544	94463	20906	32769	98747	77760	15969	71179	66500	79036	85301	81384	18436	7845	53842	10096	92806	13104	89813	44545	3910	31367	27206	90985	32807	55618	22006	60998	38929	36655	50757	92849	25506	4068	57318	66787	42618	33418	35932	34881	3015	95409	30282	86854